0 0 0 0 0 0 0 0 0 0 0 0 0 0 0 0 0 0 0 0 0 0 0 0 0 0 0 0 0 0 0 0 0 0 0 0 0 0 0 0 0 0 0 0 0 0 0 0 0 0 0 0 0 0 
0 2679 42 7852 9 5 45 0 0 7 0 0 2 1 0 2 11 0 400 0 36 23 6511 14018 346 6534 424 80 10048 4 3698 6684 1 8 52 46 2 49 0 115 6189 69906 205 17 0 5 17 351 133 5 2 0 3930 218 
0 203 19 577 0 1 5 0 0 0 0 0 0 0 0 0 5 0 20 0 28 1 301 614 18 403 31 4 376 0 209 230 3 1 6 22 0 6 0 13 324 435 14100 21 0 0 0 18 19 0 0 0 288 24 
0 7069 131 15480 87 38 224 2 1 45 24 0 3 6 0 8 26 0 872 2 207 8 26229 40654 1471 34722 2749 425 55143 46 10370 27531 14 44 191 22 11 246 0 425 31415 11955 289 4 0 3 119 1181 784 13 26 0 7783 539 
0 237 1 2557 184 10 20 1 0 45 184 0 0 0 0 0 3 0 1 0 6 1 2716 1560 19 7346 499 67 4254 13 1503 4234 2 1 9 0 0 142 0 65 725 342 3 0 0 5 2 355 271 3 1 0 1370 3 
0 14 0 161 0 38 12 0 0 1 1 0 0 1 0 1 0 0 3 0 0 0 559 527 37 1326 19 5 2080 0 140 807 0 0 3 1 0 8 0 9 674 382 1 0 0 0 13 55 94 0 0 0 80 1 
0 7 0 27 0 2 28 0 0 0 0 0 0 0 0 0 0 0 21 0 5 0 3369 2602 451 794 505 14 5247 1 184 6383 3 1 16 1 2 29 0 114 479 11648 134 0 0 0 7 46 19 0 0 0 13 13 
0 96 0 452 0 3 24 15 0 2 0 0 0 2 0 0 3 0 4 0 119 0 3249 2039 12 2655 817 22 3786 0 153 6764 1 7 16 5 2 121 1 103 3163 532 3 0 0 0 41 0 1 0 0 0 226 61 
0 0 0 0 0 0 0 0 0 0 0 0 0 0 0 0 0 0 0 0 0 0 0 0 0 0 0 0 0 0 0 1 1 0 0 0 0 1 0 0 0 0 0 0 0 0 3 5 0 0 0 0 0 0 
0 5 0 490 4 2078 51 0 0 265 2 0 0 0 0 0 1 0 2 0 0 0 75 75 13 370 1 6 190 1 8 233 2 0 2 0 0 3 0 8 245 94 1 1 0 13 58 187 99 40 769 0 247 1 
0 5 0 320 4 1741 26 1 0 4 18 0 0 1 0 0 0 0 1 0 0 0 8 5 2 22 0 0 147 0 7 71 0 0 0 0 0 0 0 0 68 1 0 0 0 1 84 252 276 3 17 0 162 0 
0 1 0 72 0 211 30 0 0 0 0 5 0 0 0 0 0 0 0 0 0 0 0 0 0 2 0 0 2 0 0 2 0 0 0 0 0 0 0 0 14 0 0 0 0 0 0 0 0 1 0 0 36 0 
0 7 0 184 0 20 52 2 0 0 0 0 0 0 0 0 1 0 1 0 5 0 4 12 0 13 14 1 57 0 2 31 1 0 0 0 0 3 0 1 23 0 0 0 0 0 0 0 0 0 0 0 92 3 
0 52 0 79 3 71 48 0 0 5 0 0 0 0 0 0 0 0 0 0 1 0 1 2 1 4 0 0 7 0 3 4 0 0 0 0 0 1 0 0 7 2 0 0 0 0 0 0 3 0 0 0 41 0 
0 0 0 0 0 0 0 0 0 0 0 0 0 0 0 0 0 0 3 0 0 0 0 0 0 0 0 0 5 0 0 1 0 0 1 0 0 0 0 1 0 2 0 0 0 0 0 0 0 0 0 0 0 1 
0 0 0 1 2 0 0 0 0 2 0 0 0 0 0 1 0 0 0 0 4 0 0 0 0 0 0 0 18 0 0 27 1 0 0 0 0 2 0 0 0 2 0 0 0 0 0 19 0 0 0 0 1 2 
0 5 2 6 0 1 1 0 0 0 0 2 1 0 0 0 11 0 160 0 21 4 11 3 1 36 1 1 94 0 2 318 1 1 8 8 1 33 0 10 15 50 17 1 0 0 0 42 5 1 0 0 3 90 
0 0 0 0 0 0 0 0 0 0 0 0 0 0 0 0 0 0 0 0 0 0 0 0 0 0 0 0 1 0 0 1 1 1 1 1 4 2 0 0 0 0 0 0 0 0 0 0 0 0 0 0 0 0 
0 0 0 1 0 0 1 0 0 0 0 0 0 0 0 2 0 0 26 0 2 26 4 29 0 3 0 42 37 0 6 164 10425 6626 22970 30800 4719 33832 29 10736 37 101 4 4 0 0 0 0 0 0 0 0 0 14 
0 0 0 1 0 0 0 0 0 0 0 0 0 0 0 0 0 0 0 0 0 1 0 0 0 0 0 0 3 0 0 4 82 8 296 1353 146 4909 68 240 0 2 1 0 0 0 0 0 0 0 0 0 0 0 
0 0 0 2 0 0 0 0 0 0 0 0 0 0 0 0 1 0 6 0 3 4 18 4 0 0 1 21 28 0 2 131 1754 1558 3413 4273 1125 16927 138 4985 20 20 16 2 0 0 0 0 0 0 0 0 1 4 
0 0 0 1 0 0 2 0 0 0 0 0 0 0 0 1 0 0 0 0 0 4 1 3 0 0 1 13 9 0 0 34 8548 3183 6770 4112 1771 15561 5 10841 3 6 0 0 0 0 0 0 0 0 0 0 0 0 
0 1 0 1 0 0 0 0 0 0 0 0 1 0 0 0 0 0 2 0 1 0 1 0 1 2 0 0 2 0 0 61 0 1 2 4 1 8 0 4 1 3 1 0 0 0 3 23 0 0 0 0 0 1 
0 2 1 1 0 0 0 0 0 0 0 0 0 0 0 0 0 0 5 0 0 0 0 0 0 0 0 0 0 0 0 1 0 0 0 0 0 0 0 0 0 0 0 0 0 0 2 30 2 2 0 0 0 2 
0 0 0 0 0 0 0 0 0 0 0 0 0 0 0 0 0 0 7 0 0 0 0 0 0 0 0 0 0 0 0 1 0 0 0 1 0 0 0 0 0 1 0 0 0 0 0 0 1 0 0 0 0 3 
0 1 0 11 0 0 0 0 0 4 0 0 0 0 0 0 0 0 0 0 0 0 0 10 0 4 0 0 11 0 1 1 0 0 0 0 0 0 0 0 1 3 0 0 0 0 1 2 1 0 0 0 5 0 
0 0 0 0 0 0 0 0 0 0 0 0 0 0 0 0 5 0 0 0 4 0 0 0 0 418 1 0 2 0 1 525 0 0 0 0 0 4 0 1 0 0 0 0 0 0 0 3 0 0 0 0 0 2 
0 0 0 0 0 0 0 0 0 0 0 0 0 0 0 0 0 0 1 0 0 1 0 0 0 10 0 0 4 0 0 112 0 11 11 1 8 303 0 0 2 1 0 0 0 0 0 2 1 0 0 0 0 0 
0 1 0 3 0 0 1 1 0 0 0 0 0 0 0 0 3 0 12 0 1 1 23 7 18 1291 17 1 142 0 58 10787 0 31 33 3 9 85 0 28 0 36 0 1 0 0 16 165 15 0 4 0 1 6 
0 0 0 0 0 0 0 0 0 0 0 0 0 0 0 0 0 0 0 0 0 0 0 0 0 0 0 0 0 0 0 0 0 0 0 0 0 0 0 0 0 0 0 0 0 0 1 0 1 0 0 0 0 0 
0 0 0 2 0 0 0 0 0 0 0 0 0 0 0 0 0 0 0 0 1 0 1 3 0 159 1 0 10 0 2 181 0 0 0 0 0 3 0 0 0 3 0 0 0 0 1 18 0 0 0 0 1 0 
0 0 0 3 0 0 0 0 0 0 0 0 0 0 0 0 1 0 4 0 3 3 272 330 55 300 0 8 209 0 3 499 0 2 14 0 1 11 0 7 4 74 1 0 0 0 17 172 12 1 1 0 1 3 
0 0 0 0 0 0 0 0 0 0 0 0 0 0 0 0 0 0 0 0 0 0 0 4 1 0 0 6 1 0 5 28 187 2276 4294 587 1161 4699 0 19960 3 10 0 0 0 0 0 0 1 0 0 0 0 0 
0 0 0 0 1 0 0 0 0 0 0 0 0 0 0 0 0 0 16 0 0 0 0 1 0 3 1 3 5 0 0 173 1 1 5 0 0 4 0 10 6 1 0 0 0 0 9 740 6 1 0 0 0 8 
0 2 0 2 0 0 0 0 0 0 0 0 0 0 0 0 0 0 143 0 2 1083 14 60 8 86 1 3 46 0 7 1296 50 6 62 14 3 257 0 17 4 38 0 0 0 0 26 888 20 3 4 0 1 72 
0 0 0 0 0 2 0 0 0 0 0 0 0 0 0 0 0 0 106 0 3 13222 8 12 1 0 0 1 7 0 0 461 9 4 15 6 1 44 0 16 4 5 0 0 0 0 3 15 3 0 0 0 0 54 
0 1 0 16 0 0 3 0 0 0 0 0 0 0 0 0 0 0 11 0 32 1 528 1856 19 132 157 20 2654 1 50 1945 0 1 5 3 3 54 0 6 3 189 2 0 0 0 3 14 4 0 1 0 8 21 
0 5 1 92 0 2 90 0 0 0 0 0 0 0 0 0 1 0 1 0 3 2 11 10 0 1 1 1 39 0 0 17 2 1 50 24 1 10 0 22 10 10 1 0 0 0 4 52 13 3 12 0 46 2 
0 0 0 0 0 0 0 0 0 0 0 0 0 0 0 0 0 0 0 0 0 0 0 0 0 0 0 0 0 0 0 6 0 0 0 0 0 0 0 0 0 0 0 0 0 0 0 0 0 0 0 0 0 0 
0 0 0 0 0 0 0 0 0 0 0 0 0 0 0 1 0 0 12 0 1 3 40 336 4 84 4 1466 161 0 10 499 2 197 814 242 41 2883 0 43 3 18 1 0 0 0 8214 84 147 8 11 0 0 6 
0 12 0 56 0 61 9 0 0 5 0 0 0 0 0 0 0 0 0 0 1 1 3704 1903 34 3271 274 7 6401 13 476 4159 1 1 4 6 1 22 0 4 74 8281 0 0 0 0 15 73 11 1 10 0 28 0 
0 0 0 1 1 0 1 0 0 1 0 0 0 0 0 2 1 0 2 0 0 18 1 1 1 1 3 650 135 0 31 530 11664 7671 9386 14064 4080 36672 10 20534 6 12 2 1 0 0 1 0 0 0 0 0 1 1 
0 0 0 0 0 0 0 0 0 0 0 0 0 0 0 0 1 0 0 0 1 0 0 0 0 2 1 0 2 0 1 6 491 830 1243 2283 521 8334 44 928 0 1 1 1 0 0 0 0 0 0 0 0 0 0 
0 0 0 0 0 0 0 0 0 0 0 0 0 0 0 0 0 0 0 0 0 0 0 0 0 0 0 0 0 0 0 0 0 4 9 5 2 16 0 2 0 0 0 0 0 0 0 0 0 0 0 0 0 0 
0 0 0 1 0 0 0 0 0 0 2 0 0 0 0 0 0 0 0 0 0 0 0 0 0 0 0 0 0 0 0 0 0 0 0 0 0 0 0 0 0 0 0 0 0 0 0 0 0 0 0 0 0 0 
0 7 0 37 4 2 0 1 0 1 1 0 0 0 0 0 0 0 0 0 0 0 45 62 4 103 6 4 73 0 45 99 0 0 0 0 0 4 0 9 55 14 0 0 0 23 26 42 275 12 4 0 20 0 
0 3 0 2 7 0 0 0 0 38 7 0 0 0 0 0 0 0 0 0 0 0 1 1 0 0 0 21 1 0 1 1 0 0 0 0 0 0 0 0 0 3 0 0 0 7 691 25 1603 8 6 0 4 0 
0 0 0 0 0 0 0 0 0 71 202 0 0 0 0 0 0 0 0 0 0 0 0 0 0 0 0 0 0 0 0 0 0 0 0 0 0 0 0 0 0 0 0 0 0 1 8 15 71 1 0 0 0 0 
0 122 14 831 657 0 4 69 7 135 159 4 25 6 0 17 43 1 54 2 19 3 156 258 9 200 19 188 292 0 99 250 0 6 2 2 0 77 0 64 22 194 2 0 0 448 491 981 708 43 27 0 744 36 
0 4 0 8 3 0 0 7 0 36 3 0 3 0 0 0 1 0 0 1 0 0 1 6 0 2 0 0 4 0 3 8 0 0 0 0 0 0 0 0 0 2 0 0 0 9 2 0 20 0 0 0 5 0 
0 8 1 33 4 0 0 10 2 24 0 0 10 1 1 4 10 0 1 1 0 2 50 51 1 59 0 2 193 0 2 56 0 0 3 0 0 0 0 1 14 35 0 0 0 17 11 131 57 1 1 0 18 0 
0 0 0 0 0 0 0 0 0 0 0 0 0 0 0 0 0 0 0 0 0 0 0 0 0 0 0 0 0 0 0 0 0 0 0 0 0 0 0 0 0 0 0 0 0 0 0 0 0 0 0 0 0 0 
0 3653 66 9018 135 24 122 1 0 45 104 0 1 3 0 4 14 0 436 1 106 4 14472 21107 745 21034 1624 246 29698 29 5936 15882 8 22 100 11 5 194 0 245 16070 6148 146 2 0 4 60 768 527 8 13 0 5194 271 
0 0 0 1 0 0 0 0 0 0 0 0 0 0 0 1 0 0 16 0 2 15 11 16 0 1 0 31 32 0 4 147 6089 4092 13191 17536 2922 25379 83 7860 28 60 10 3 0 0 0 0 0 0 0 0 0 9 
