0 2616 510 17464 6687 36 164 7603 45 1666 1877 233 3080 420 16 9353 5072 6 1064 2334 827 14 15 11 2 11 3 130 21 0 10 31 0 23 47 0 0 37 0 12 1 13 0 0 41 535 197 8 1949 37 14 83 12075 945 
0 1304 58 3846 136 22 424 31 0 107 53 6 45 18 0 294 172 0 248 1 74 4 2 7 1 3 1 0 11 0 6 4 0 1 2 0 1 0 0 0 5 57 0 0 0 32 235 1345 1094 35 36 1 1991 161 
0 121 18 370 4 8 14 2 0 17 0 0 2 2 0 2 8 0 7 0 2 0 2 0 0 0 1 0 1 0 1 1 0 0 0 0 0 0 0 0 0 0 1 0 0 1 12 61 79 1 2 0 187 4 
0 7216 426 27269 2880 148 1725 948 6 1906 742 275 394 281 0 1160 1428 0 2154 100 1038 21 20 25 3 38 0 1 95 0 29 39 0 0 10 0 0 40 0 4 19 27 0 0 10 303 1330 5657 8877 365 169 3 15074 1596 
0 855 25 6555 1951 41 357 26 3 277 126 20 14 40 0 121 45 0 43 5 65 4 1 7 0 5 2 0 6 0 6 5 0 0 1 0 1 5 0 1 12 2 0 0 2 94 260 1239 5650 140 77 3 4253 54 
0 498 78 3329 564 102 111 25 1 431 695 16 18 43 0 44 106 0 286 2 73 7 0 0 0 0 0 0 2 0 1 12 0 0 1 0 0 1 0 0 4 2 0 0 5 17 144 265 383 7 8 1 1946 179 
0 344 163 1173 165 12 79 91 0 116 27 20 63 66 0 21 288 0 5529 14 3011 578 0 1 0 0 0 0 7 0 1 26 0 0 1 0 0 1 0 0 0 5 1 0 0 5 119 475 182 17 10 1 669 4270 
0 513 59 3216 67 26 131 103 0 67 5 29 28 13 0 12 115 0 138 10 131 46 1 2 0 0 0 0 1 0 2 4 0 0 0 1 0 0 0 0 7 0 0 0 0 3 18 72 205 2 0 0 1641 134 
0 10 1 17 4 0 0 4 2 2 2 0 3 1 0 0 6 0 28 1 5 1 0 0 0 0 0 0 0 0 0 0 0 0 0 0 0 0 0 0 0 0 0 0 0 2 44 74 9 2 1 0 10 16 
0 95 7 1331 63 4815 204 33 1 1134 21 5 10 1 0 14 49 0 84 10 19 7 8 17 6 27 0 2 34 0 7 24 0 1 1 0 0 3 0 3 11 21 0 0 0 241 517 399 601 152 322 1 697 51 
0 27 3 644 43 2283 35 9 0 2 90 1 8 5 0 5 3 0 19 2 8 1 0 4 0 19 0 0 21 0 10 6 0 0 0 0 0 0 0 0 0 1 0 0 0 63 415 678 564 196 22 0 343 13 
0 43 12 1193 11 990 67 0 0 3 0 4 1 0 0 0 1 0 13 1 7 0 0 0 0 0 0 0 0 0 0 0 0 0 0 0 0 0 0 0 0 0 0 0 0 0 3 5 2 0 0 0 602 10 
0 1608 223 8990 86 118 509 103 2 94 26 176 44 113 0 1 46 0 79 19 227 6 0 0 0 3 0 0 3 0 0 1 0 0 0 0 0 0 0 0 1 1 0 0 1 7 0 3 48 0 0 0 4538 153 
0 447 32 3116 55 623 329 13 0 376 38 25 4 52 0 0 10 0 26 2 42 0 0 0 0 0 0 0 9 0 0 0 0 1 0 0 0 1 0 0 0 0 0 0 0 6 1 5 12 0 1 0 1585 34 
0 11 1 8 0 0 0 1 0 0 0 0 0 1 3 0 4 0 17 1 1 3 0 0 0 0 0 0 0 0 0 0 0 0 0 0 0 0 0 0 0 0 0 0 0 0 0 0 0 0 0 0 4 9 
0 1398 267 5943 1440 10 8 1739 1 279 130 67 779 171 0 54 695 1 257 447 423 4 1 0 0 0 0 0 3 0 0 0 0 0 1 0 0 1 0 0 0 4 0 0 4 79 10 356 279 0 1 1 3691 340 
0 7536 2109 9905 1655 10 32 1694 0 558 144 167 790 245 1 35 1581 0 7500 501 3481 154 2 2 4 1 0 0 5 0 5 0 0 0 0 1 0 1 0 0 3 8 0 0 3 73 23 484 411 5 5 0 5780 5490 
0 0 0 0 0 0 0 0 0 0 0 0 0 0 0 0 0 0 0 0 0 0 0 0 0 0 0 0 0 0 0 0 0 0 0 0 0 0 0 0 0 0 0 0 0 0 0 0 0 0 0 0 0 0 
0 4 1 15 4 0 18 1 0 0 0 0 0 0 0 0 1 0 10 0 1 6 0 0 0 0 0 0 0 0 0 0 0 0 0 0 0 0 0 0 0 0 0 0 0 0 1 2 3 0 0 0 9 5 
0 0 0 0 0 0 0 0 0 0 0 0 0 0 0 0 0 0 0 0 1 0 0 0 0 0 0 0 0 0 0 0 0 0 0 0 0 0 0 0 0 0 0 0 0 0 0 0 0 0 0 0 0 0 
0 2 1 3 0 0 0 1 0 0 0 0 0 0 0 0 0 0 1 0 1 2 0 0 0 0 0 0 0 0 0 0 0 0 0 0 0 0 0 0 0 0 0 0 0 0 3 1 9 0 0 0 1 1 
0 1 0 3 0 0 4 0 0 0 0 0 0 0 0 0 1 0 1 0 0 22 0 0 0 0 0 0 0 0 0 0 0 0 0 1 0 0 0 0 0 0 0 0 0 0 2 0 1 0 0 0 1 0 
0 8559 1664 10191 1607 20 24 1520 1 694 191 103 627 242 2 146 4473 0 12243 413 5749 525 0 3 0 4 0 1 4 0 2 1 1 1 1 0 0 0 0 0 0 2 1 0 5 51 13 109 327 6 7 2 5899 8996 
0 21926 1472 4668 507 14 70 491 2 247 52 84 184 148 5 41 3623 0 31813 193 935 77 2 5 0 2 0 0 7 0 1 0 1 0 2 0 1 0 0 0 0 2 0 0 5 49 27 174 265 9 10 4 2587 16374 
0 54 1 10 0 1 0 0 1 1 0 0 0 0 0 0 11 0 1582 0 903 23 1 0 1 0 0 0 0 0 0 1 0 1 0 0 0 0 0 0 0 1 0 0 0 11 5 0 5 0 0 0 5 1242 
0 14399 1624 38377 1560 22 359 230 0 582 133 310 209 622 0 55 315 0 624 133 1139 2 2 3 0 7 0 0 5 0 2 1 0 0 0 0 0 1 0 0 1 3 0 0 17 122 6 47 601 4 5 9 19968 881 
0 635 234 327 48 3 3 30 0 2 3 2 8 12 0 14 1387 0 285 7 1679 16 0 0 0 0 0 0 0 0 0 0 0 0 0 0 0 0 0 0 0 0 0 0 0 3 1 25 3 1 1 1 187 982 
0 1041 22 147 36 1 7 50 0 4 2 1 4 4 0 5 55 0 1436 2 21 174 0 0 0 0 0 0 0 0 0 0 0 0 0 0 0 0 0 0 0 0 0 0 0 0 16 21 6 0 0 64 91 728 
0 18494 2140 14242 2653 22 88 1801 6 896 272 175 763 411 5 233 3951 0 29372 412 2332 343 3 1 0 5 1 1 10 0 4 28 0 0 2 1 0 4 0 1 1 5 1 0 6 160 309 1070 688 28 20 7 8447 15852 
0 1 1 7 3 1 0 15 0 1 0 1 0 0 0 0 4 0 2 0 0 0 0 0 0 0 0 0 0 0 0 0 0 0 0 0 0 0 0 0 0 0 0 0 0 0 14 22 5 0 0 0 5 1 
0 3266 353 9764 1720 2 4 403 0 138 77 12 210 75 2 21 191 0 299 42 208 1 2 0 0 7 0 0 2 0 2 4 0 0 0 0 0 0 0 0 0 1 0 0 8 83 50 161 252 2 3 4 5742 253 
0 7940 2220 24602 4890 44 196 3828 1 1671 722 298 1845 797 11 211 8194 0 6588 1058 5742 674 6 5 2 11 0 0 12 0 3 5 0 1 5 0 0 3 0 1 0 25 0 0 11 210 367 827 1298 20 25 9 14746 6165 
0 1 1 3 2 0 2 0 0 0 0 0 2 0 0 0 1 0 0 0 0 0 0 0 0 0 0 0 0 0 0 0 0 0 0 0 0 0 0 0 0 1 0 0 0 0 13 1 0 0 0 0 2 0 
0 2730 743 6288 779 10 8 892 1 121 73 27 485 148 4 482 1060 1 1170 108 912 57 2 1 0 1 0 0 2 0 0 2 1 0 0 0 0 0 0 0 0 0 0 0 5 33 91 5057 274 3 5 5 3533 1041 
0 4906 1041 12719 2359 9 58 2667 1 538 282 110 1145 369 10 210 2935 3 6678 410 1291 1791 2 1 6 10 0 1 14 0 4 5 0 1 6 0 0 6 0 0 1 5 0 0 11 113 267 5042 723 26 19 0 7539 3984 
0 3860 323 2388 223 11 11 229 1 213 54 43 101 54 1 8 609 0 3849 50 478 31218 2 0 0 1 0 1 1 0 0 2 0 0 3 2 0 7 0 0 0 2 0 0 1 41 77 38 39 4 2 2 1305 2163 
0 670 24 392 10 1 2508 9 2 19 1 0 8 4 0 10 30 0 1556 1 328 7 0 1 0 0 0 0 10 0 0 3 0 0 0 0 0 1 0 0 0 0 0 0 0 1 73 88 140 5 4 0 201 942 
0 15136 1689 58918 3779 429 35997 991 0 671 264 331 708 769 0 159 654 0 877 267 1668 414 5 8 0 10 1 1 17 0 7 3 0 2 21 0 0 2 0 0 1 5 0 0 6 185 34 355 1028 22 28 24 31348 1272 
0 77 0 35 1 0 0 8 0 1 0 3 1 0 0 0 7 0 124 0 12 12 0 0 0 0 0 0 0 0 0 1 0 0 0 0 0 0 0 0 0 0 0 0 1 0 0 3 3 0 0 0 18 68 
0 243 34 347 50 2 30 86 9 22 14 2 31 18 0 80 76 0 1234 37 89 162 1 5 0 1 3 1 9 0 3 0 0 3 23 0 0 37 0 6 0 3 0 0 0 5 49472 541 1333 58 87 3 198 661 
0 3667 220 9014 106 48 84 37 0 101 22 29 19 28 0 118 101 0 219 4 116 8 1 3 0 4 0 0 2 0 0 2 0 0 0 0 1 0 0 0 1 6 0 0 1 25 126 411 334 36 16 4 4560 167 
0 6 1 12 1 0 1 3 0 1 0 0 1 0 0 1 1 0 19 1 5 2 0 0 0 0 0 0 0 0 0 0 0 0 1 0 0 0 0 0 0 0 0 0 0 0 3 5 0 0 0 0 6 12 
0 31 3 38 3 0 1 1 0 0 0 0 0 0 0 0 4 0 21 0 9 0 0 0 0 0 0 0 0 0 0 0 0 0 0 0 0 0 0 0 0 0 0 0 0 0 0 1 1 0 0 0 20 15 
0 2 0 1 1 1 0 0 0 0 0 1 1 0 0 0 0 0 5 0 1 1 0 0 0 0 0 0 0 0 0 0 0 0 0 0 0 0 0 0 0 0 0 0 0 0 0 1 0 0 0 0 1 3 
0 0 0 9 0 0 0 0 0 69 66 0 0 0 0 0 0 0 0 0 0 0 0 0 0 0 0 0 0 0 0 0 0 0 0 0 0 0 0 0 0 0 0 0 0 0 0 0 8 0 0 0 4 0 
0 99 1 380 36 11 22 42 1 112 25 1 6 3 0 13 23 0 13 0 2 23 51 56 16 154 12 5 134 0 49 178 0 0 11 0 0 24 0 15 29 47 1 0 0 2743 418 678 1950 172 123 0 208 7 
0 0 0 4 0 0 0 1 0 0 0 0 0 0 0 0 0 0 0 1 0 0 0 0 0 0 0 0 0 0 1 0 0 0 0 0 0 0 0 0 0 0 0 0 0 0 0 0 0 0 0 62208 2 0 
0 2265 528 12572 3501 10 28 2461 35 1096 839 77 1087 250 3 1713 2024 0 563 430 661 1 5 5 0 4 0 2 6 0 2 5 0 1 3 0 0 1 0 0 0 5 0 0 2 630 6 26 589 0 4 52 8036 612 
0 984 192 7527 4542 41 356 836 86 503 362 27 163 70 0 234 433 0 669 86 233 69 601 911 53 886 119 354 1338 0 513 914 0 50 88 2 0 427 0 123 93 863 14 0 9 1866 17 34 414 12 6 1510 6034 451 
0 44 7 400 182 0 1 43 3 179 216 1 16 3 0 9 44 0 8 3 3 2 1 7 0 5 1 0 6 0 1 5 0 0 1 0 0 8 0 1 0 2 0 0 0 176 0 0 7 0 0 10 291 5 
0 52 9 361 95 21 5 30 9 85 23 3 20 3 0 14 43 0 43 1 14 11 8 15 3 5 2 5 36 0 0 15 0 0 3 0 0 2 0 0 2 14 0 0 1 137 13 9 13 1 16 6 228 28 
0 0 0 0 0 0 0 0 0 0 0 0 0 0 0 0 0 0 0 0 0 0 0 0 0 0 0 0 0 0 0 0 0 0 0 0 0 0 0 0 0 0 0 0 0 0 0 0 0 0 0 0 0 0 
0 4035 225 16912 2415 94 1041 487 4 1091 434 147 204 160 0 640 736 0 1098 52 551 12 10 16 1 21 1 0 50 0 17 22 0 0 5 0 0 22 0 2 15 14 0 0 6 198 795 3448 7263 252 123 3 10582 825 
0 3 1 9 2 0 9 1 0 0 0 0 0 0 0 0 0 0 5 0 1 4 0 0 0 0 0 0 0 0 0 0 0 0 0 0 0 0 0 0 0 0 0 0 0 0 2 1 6 0 0 0 5 3 
